0 Shanghai
0 Author: LEGO Digital Designer 4.3
1 72 49.7318 -160.264 236.7901 -0.433041 0 -0.901374 0 1 0 0.901374 0 -0.433041 32249.dat
1 72 42.8555 -260.264 226.1355 -0.001398 0 -0.999999 0 1 0 0.999999 0 -0.001398 32249.dat
1 72 43.0732 -250.264 226.3507 -0.012086 0 -0.999927 0 1 0 0.999927 0 -0.012086 32249.dat
1 72 47.9426 -190.264 232.8433 -0.292092 0 -0.95639 0 1 0 0.95639 0 -0.292092 32249.dat
1 72 38.1054 -360.264 222.3833 0.208805 0 -0.977957 0 1 0 0.977957 0 0.208805 32249.dat
1 71 41.6417 -340.2639 225.0147 0.056271 0 -0.998416 0 1 0 0.998416 0 0.056271 32249.dat
1 71 42.8269 -270.264 226.1074 0 0 -1 0 1 0 1 0 0 32249.dat
1 72 43.6945 -240.264 226.9913 -0.043232 0 -0.999065 0 1 0 0.999065 0 -0.043232 32249.dat
1 71 47.2505 -200.264 231.6495 -0.245685 0 -0.96935 0 1 0 0.96935 0 -0.245685 32249.dat
1 72 42.8269 -320.264 226.1075 0 0 -1 0 1 0 1 0 0 32249.dat
1 0 22.4733 -305.264 226.961 0 -0.707228 -0.706985 -1 0 0 0 0.706985 -0.707228 2780.dat
1 72 42.8269 -310.264 226.1075 0 0 -1 0 1 0 1 0 0 32249.dat
1 72 42.827 -300.264 226.1076 0 0 -1 0 1 0 1 0 0 32249.dat
1 72 42.8269 -290.264 226.1074 0 0 -1 0 1 0 1 0 0 32249.dat
1 0 42.4733 -305.2639 246.961 0 -0.707228 -0.706985 -1 0 0 0 0.706985 -0.707228 2780.dat
1 72 44.6134 -230.264 228.0172 -0.091213 0 -0.995831 0 1 0 0.995831 0 -0.091213 32249.dat
1 72 49.3151 -170.264 235.7161 -0.396443 0 -0.91806 0 1 0 0.91806 0 -0.396443 32249.dat
1 72 50.6582 -140.264 239.8497 -0.530797 0 -0.847499 0 1 0 0.847499 0 -0.530797 32249.dat
1 0 0.327 -7.0639 306.6075 0 0 -1 0 1 0 1 0 0 3020.dat
1 0 -9.673 -15.0639 186.6075 0 0 1 0 1 0 -1 0 0 60479.dat
1 72 -9.673 -23.0639 86.6075 0 0 -1 0 1 0 1 0 0 6636.dat
1 2 -39.673 -15.0639 6.6075 -1 0 0 0 1 0 0 0 -1 6003.dat
1 0 -79.673 -7.0639 -73.3925 0 0 1 0 1 0 -1 0 0 3795.dat
1 2 -89.673 -15.0639 -83.3925 0 0 -1 0 1 0 1 0 0 3623.dat
1 43 -89.673 -23.0639 -73.3924 0 0 -1 0 1 0 1 0 0 2431.dat
1 2 -59.673 -15.0639 -93.3925 0 0 -1 0 1 0 1 0 0 3020.dat
1 43 -69.673 -23.0639 -73.3925 0 0 -1 0 1 0 1 0 0 2431.dat
1 72 -59.673 -23.0639 -123.3925 1 0 0 0 1 0 0 0 1 2431.dat
1 43 -49.673 -23.0639 -53.3924 0 0 -1 0 1 0 1 0 0 2431.dat
1 0 -39.673 -7.0639 -133.3925 0 0 1 0 1 0 -1 0 0 2445.dat
1 2 0.327 -15.0639 -113.3925 0 0 -1 0 1 0 1 0 0 3032.dat
1 72 30.327 -23.0639 -173.3925 0 0 -1 0 1 0 1 0 0 2431.dat
1 2 0.327 -15.0639 -233.3925 0 0 -1 0 1 0 1 0 0 3032.dat
1 72 -39.673 -23.0639 -233.3925 0 0 -1 0 1 0 1 0 0 3020.dat
1 71 -49.673 -31.0639 -253.3925 0 0 -1 0 1 0 1 0 0 3710.dat
1 19 -49.673 -39.0639 -253.3925 0 0 -1 0 1 0 1 0 0 3710.dat
1 19 -49.673 -63.0639 -253.3925 0 0 -1 0 1 0 1 0 0 2877.dat
1 19 -49.673 -71.0639 -253.3925 0 0 -1 0 1 0 1 0 0 2431.dat
1 71 -29.673 -31.0639 -203.3924 1 0 0 0 1 0 0 0 1 3623.dat
1 19 -19.673 -39.0639 -203.3925 -1 0 0 0 1 0 0 0 -1 3710.dat
1 19 -19.673 -63.0639 -203.3925 1 0 0 0 1 0 0 0 1 2877.dat
1 19 -19.673 -71.0639 -203.3924 1 0 0 0 1 0 0 0 1 2431.dat
1 71 -29.673 -31.0639 -253.3981 0 0 -1 0 1 0 1 0 0 3069b.dat
1 0 -49.673 -15.0639 -253.3925 0 0 -1 0 1 0 1 0 0 3666.dat
1 72 -19.673 -23.0639 -293.3926 1 0 0 0 1 0 0 0 1 3020.dat
1 19 10.327 -39.0639 -283.3925 1 0 0 0 1 0 0 0 1 4073.dat
1 19 10.327 -63.0639 -293.3925 0 0 1 0 1 0 -1 0 0 2877.dat
1 19 10.327 -71.0639 -283.3925 1 0 0 0 1 0 0 0 1 30039.dat
1 71 -19.6786 -31.0639 -283.3925 1 0 0 0 1 0 0 0 1 3069b.dat
1 0 0.327 -15.0639 -303.3925 1 0 0 0 1 0 0 0 1 3710.dat
1 0 0.327 -7.0639 -253.3925 0 0 -1 0 1 0 1 0 0 2445.dat
1 0 20.327 -15.0639 -363.3927 1 0 0 0 1 0 0 0 1 3710.dat
1 0 50.327 -15.0639 -313.3926 0 0 -1 0 1 0 1 0 0 87609.dat
1 0 68.327 -9.0639 -333.3925 0 -1 0 0 0 -1 1 0 0 2431.dat
1 72 50.327 -23.0639 -323.3926 0 0 -1 0 1 0 1 0 0 3623.dat
1 71 50.327 -31.0639 -323.3926 0 0 -1 0 1 0 1 0 0 3623.dat
1 4 50.327 -39.0639 -323.3926 1 0 0 0 1 0 0 0 1 4073.dat
1 4 50.327 -47.0639 -323.3926 1 0 0 0 1 0 0 0 1 4073.dat
1 0 50.327 -47.0639 -323.3926 0 0 -1 0 1 0 1 0 0 50746.dat
1 4 50.327 -39.0639 -343.3925 1 0 0 0 1 0 0 0 1 4073.dat
1 0 50.327 -39.0639 -343.3925 1 0 0 0 1 0 0 0 1 50746.dat
1 4 50.327 -39.0639 -303.3926 1 0 0 0 1 0 0 0 1 4073.dat
1 0 50.327 -39.0639 -303.3926 -1 0 0 0 1 0 0 0 -1 50746.dat
1 0 10.327 -15.0639 -333.3926 1 0 0 0 1 0 0 0 1 3021.dat
1 72 0.3326 -23.0639 -323.3926 -1 0 0 0 1 0 0 0 -1 3069b.dat
1 43 30.327 -23.0639 -313.3926 0 0 1 0 1 0 -1 0 0 2431.dat
1 71 10.327 -23.0639 -343.3926 0 0 1 0 1 0 -1 0 0 3024.dat
1 71 10.327 -31.0639 -343.3926 0 0 1 0 1 0 -1 0 0 3024.dat
1 4 10.327 -39.0639 -343.3926 1 0 0 0 1 0 0 0 1 4073.dat
1 0 10.327 -47.0639 -343.3926 0 0 1 0 1 0 -1 0 0 3024.dat
1 4 10.327 -55.0639 -343.3926 1 0 0 0 1 0 0 0 1 4073.dat
1 0 10.327 -63.0639 -343.3926 0 0 1 0 1 0 -1 0 0 3024.dat
1 4 10.327 -71.0639 -343.3926 1 0 0 0 1 0 0 0 1 4073.dat
1 0 10.327 -79.0639 -343.3926 0 0 1 0 1 0 -1 0 0 3024.dat
1 4 10.327 -87.0639 -343.3926 1 0 0 0 1 0 0 0 1 4073.dat
1 0 10.327 -95.0639 -343.3926 0 0 1 0 1 0 -1 0 0 3024.dat
1 4 10.327 -103.0639 -343.3926 1 0 0 0 1 0 0 0 1 4073.dat
1 0 10.327 -111.0639 -343.3926 0 0 1 0 1 0 -1 0 0 3024.dat
1 4 10.452 -119.0639 -343.2676 1 0 0 0 1 0 0 0 1 4592.dat
1 0 10.327 -120.5639 -343.3926 1 0 0 0 1 0 0 0 1 4593.dat
1 72 30.327 -23.0639 -363.3927 -1 0 0 0 1 0 0 0 -1 63864.dat
1 71 -29.673 -31.0639 -303.3925 1 0 0 0 1 0 0 0 1 3623.dat
1 19 -19.673 -39.0639 -303.3925 1 0 0 0 1 0 0 0 1 3710.dat
1 19 -19.673 -63.0639 -303.3925 -1 0 0 0 1 0 0 0 -1 2877.dat
1 19 -19.673 -71.0639 -303.3925 -1 0 0 0 1 0 0 0 -1 2431.dat
1 0 -39.673 -7.0639 -283.3925 0 0 -1 0 1 0 1 0 0 3021.dat
1 72 30.327 -23.0639 -243.3926 0 0 1 0 1 0 -1 0 0 63864.dat
1 0 0.327 -23.0639 -213.3925 0 0 -1 0 1 0 1 0 0 3795.dat
1 71 -9.673 -31.0639 -153.3924 0 0 -1 0 1 0 1 0 0 3710.dat
1 19 -9.673 -39.0639 -163.3924 1 0 0 0 1 0 0 0 1 4073.dat
1 19 0.3214 -71.0639 -162.9425 0 0 -1 0 1 0 1 0 0 47905.dat
1 19 0.3214 -79.0639 -143.3925 0 0 -1 0 1 0 1 0 0 3623.dat
1 19 0.3214 -71.0639 -122.9425 0 0 -1 0 1 0 1 0 0 47905.dat
1 19 10.327 -39.0639 -123.3925 1 0 0 0 1 0 0 0 1 4073.dat
1 71 10.327 -31.0639 -193.3925 0 0 -1 0 1 0 1 0 0 30586.dat
1 19 10.327 -39.0639 -163.3924 1 0 0 0 1 0 0 0 1 4073.dat
1 19 10.327 -39.0639 -223.3925 1 0 0 0 1 0 0 0 1 4073.dat
1 19 10.327 -63.0639 -213.3925 0 0 1 0 1 0 -1 0 0 2877.dat
1 19 10.327 -71.0639 -223.3925 1 0 0 0 1 0 0 0 1 30039.dat
1 19 10.327 -47.0639 -253.3925 0 0 -1 0 1 0 1 0 0 99206.dat
1 19 -9.673 -63.0639 -253.3924 0 0 -1 0 1 0 1 0 0 2877.dat
1 19 -9.673 -71.0639 -253.3925 0 0 -1 0 1 0 1 0 0 3023.dat
1 19 -9.673 -79.0639 -263.3925 1 0 0 0 1 0 0 0 1 4073.dat
1 19 -9.673 -87.0639 -263.3925 1 0 0 0 1 0 0 0 1 4073.dat
1 19 0.327 -111.0639 -253.3926 1 0 0 0 1 0 0 0 1 30367.dat
1 19 -9.673 -87.0639 -243.3925 1 0 0 0 1 0 0 0 1 4073.dat
1 19 -9.673 -79.0639 -243.3925 1 0 0 0 1 0 0 0 1 4073.dat
1 19 10.327 -87.0639 -263.3926 1 0 0 0 1 0 0 0 1 4073.dat
1 19 10.327 -79.0639 -263.3926 1 0 0 0 1 0 0 0 1 4073.dat
1 19 10.327 -79.0639 -243.3925 1 0 0 0 1 0 0 0 1 4073.dat
1 19 10.327 -87.0639 -243.3925 1 0 0 0 1 0 0 0 1 4073.dat
1 19 -9.673 -31.0639 -253.3925 0 0 -1 0 1 0 1 0 0 3023.dat
1 19 -9.673 -39.0639 -123.3924 1 0 0 0 1 0 0 0 1 4073.dat
1 19 18.3214 -71.0639 -123.3925 0 -1 0 1 0 0 0 0 1 2412b.dat
1 19 -17.6786 -71.0639 -123.3925 0 1 0 1 0 0 0 0 -1 2412b.dat
1 19 0.3214 -71.0639 -142.9425 0 0 -1 0 1 0 1 0 0 47905.dat
1 19 0.327 -39.0639 -143.3925 1 0 0 0 1 0 0 0 1 3023.dat
1 19 18.3214 -71.0639 -143.3925 0 -1 0 1 0 0 0 0 1 2412b.dat
1 19 -17.6786 -71.0639 -143.3925 0 1 0 1 0 0 0 0 -1 2412b.dat
1 19 0.3214 -87.0639 -143.3925 0 0 -1 0 1 0 1 0 0 3623.dat
1 19 0.3214 -103.0639 -143.3981 0 0 -1 0 1 0 1 0 0 3021.dat
1 19 18.3214 -71.0639 -163.3924 0 -1 0 1 0 0 0 0 1 2412b.dat
1 19 -17.6786 -71.0639 -163.3924 0 1 0 1 0 0 0 0 -1 2412b.dat
1 2 50.327 -15.0639 -193.3925 0 0 -1 0 1 0 1 0 0 87609.dat
1 43 50.327 -23.0639 -173.3926 0 0 1 0 1 0 -1 0 0 2431.dat
1 0 68.327 -9.0639 -233.3926 0 -1 0 0 0 -1 1 0 0 3666.dat
1 0 76.327 -9.0639 -213.3926 0 -1 0 0 0 -1 1 0 0 4162.dat
1 0 0.327 -7.0639 -13.3925 0 0 -1 0 1 0 1 0 0 2445.dat
1 43 10.327 -23.0639 -53.3925 0 0 1 0 1 0 -1 0 0 2431.dat
1 2 50.327 -15.0639 -73.3925 0 0 -1 0 1 0 1 0 0 87609.dat
1 2 30.327 -15.0639 6.6075 0 0 -1 0 1 0 1 0 0 3666.dat
1 72 20.327 -23.0639 26.6075 1 0 0 0 1 0 0 0 1 3022.dat
1 0 50.327 -15.0639 46.6075 0 0 -1 0 1 0 1 0 0 87609.dat
1 72 50.327 -23.0639 66.6075 0 0 1 0 1 0 -1 0 0 6636.dat
1 71 50.327 -15.0639 126.6075 0 0 -1 0 1 0 1 0 0 3710.dat
1 72 50.327 -23.0639 186.6075 0 0 -1 0 1 0 1 0 0 6636.dat
1 0 50.327 -15.0639 186.6076 0 0 -1 0 1 0 1 0 0 99206.dat
1 71 20.327 -15.0639 186.6076 1 0 0 0 1 0 0 0 1 3022.dat
1 0 0.327 -7.0639 186.6075 0 0 -1 0 1 0 1 0 0 3020.dat
1 14 20.327 -15.0639 216.6075 -1 0 0 0 1 0 0 0 -1 2540.dat
1 14 20.327 -15.0639 156.6075 1 0 0 0 1 0 0 0 1 2540.dat
1 19 50.327 -15.0639 236.6075 0 0 -1 0 1 0 1 0 0 3623.dat
1 0 68.327 -9.0639 6.6075 0 -1 0 0 0 -1 1 0 0 6636.dat
1 0 68.327 -9.0639 -113.3926 0 -1 0 0 0 -1 1 0 0 6636.dat
1 43 50.327 -23.0639 -73.3925 0 0 1 0 1 0 -1 0 0 2431.dat
1 43 -19.673 -23.0639 -83.3925 1 0 0 0 1 0 0 0 1 3023.dat
1 43 -19.673 -23.0639 -103.3925 -1 0 0 0 1 0 0 0 -1 2431.dat
1 43 20.327 -23.0639 -123.3926 -1 0 0 0 1 0 0 0 -1 2431.dat
1 72 -19.673 -23.0639 -143.3925 1 0 0 0 1 0 0 0 1 2431.dat
1 43 30.327 -23.0639 -73.3925 0 0 1 0 1 0 -1 0 0 2431.dat
1 0 -59.673 -15.0639 -173.3926 1 0 0 0 1 0 0 0 1 3022.dat
1 72 -49.673 -23.0639 -163.3925 -1 0 0 0 1 0 0 0 -1 63864.dat
1 72 -59.673 -23.0639 -183.3925 1 0 0 0 1 0 0 0 1 2431.dat
1 0 -79.673 -7.0639 -173.3926 1 0 0 0 1 0 0 0 1 3022.dat
1 0 -89.673 -15.0639 -153.3925 0 0 -1 0 1 0 1 0 0 3710.dat
1 72 -89.673 -23.0639 -153.3981 0 0 -1 0 1 0 1 0 0 3069b.dat
1 0 -59.673 -7.0639 26.6076 -1 0 0 0 1 0 0 0 -1 30565.dat
1 72 -59.673 -23.0639 26.6076 -1 0 0 0 1 0 0 0 -1 30565.dat
1 71 -19.673 -31.0639 -13.3924 -1 0 0 0 1 0 0 0 -1 11213.dat
1 72 30.327 -23.0639 -3.3925 1 0 0 0 1 0 0 0 1 3623.dat
1 72 -19.673 -39.0639 -13.3925 1 0 0 0 1 0 0 0 1 3022.dat
1 19 -19.6786 -71.0639 -23.3924 1 0 0 0 1 0 0 0 1 3062b.dat
1 19 -19.6786 -95.0639 -23.3924 1 0 0 0 1 0 0 0 1 3062b.dat
1 19 -19.673 -103.0639 -23.3924 1 0 0 0 1 0 0 0 1 3023.dat
1 19 -19.673 -111.0639 -13.3925 1 0 0 0 1 0 0 0 1 3022.dat
1 71 -19.6786 -39.0639 16.6076 1 0 0 0 1 0 0 0 1 3069b.dat
1 71 -19.673 -39.0639 36.6076 -1 0 0 0 1 0 0 0 -1 2540.dat
1 71 -19.673 -39.0639 -63.3924 -1 0 0 0 1 0 0 0 -1 3023.dat
1 71 10.327 -39.0639 6.6075 0 0 -1 0 1 0 1 0 0 3023.dat
1 71 10.327 -47.0639 -3.3925 0 0 1 0 1 0 -1 0 0 63864.dat
1 71 30.327 -39.0639 -13.398 0 0 -1 0 1 0 1 0 0 3069b.dat
1 71 -69.673 -39.0639 -13.398 0 0 -1 0 1 0 1 0 0 3069b.dat
1 71 -49.673 -39.0639 6.6075 0 0 -1 0 1 0 1 0 0 3023.dat
1 71 -49.673 -47.0639 -3.3925 0 0 1 0 1 0 -1 0 0 63864.dat
1 43 -79.673 -23.0639 -23.3924 1 0 0 0 1 0 0 0 1 3023.dat
1 72 -9.673 -23.0639 6.6019 0 0 -1 0 1 0 1 0 0 3069b.dat
1 72 -9.673 -23.0639 246.6131 0 0 1 0 1 0 -1 0 0 3069b.dat
1 0 -9.673 -15.0639 326.6075 0 0 -1 0 1 0 1 0 0 3023.dat
1 0 20.327 -15.0639 316.6075 0 0 -1 0 1 0 1 0 0 3021.dat
1 72 30.327 -23.0639 296.6075 0 0 1 0 1 0 -1 0 0 63864.dat
1 72 20.327 -23.0639 336.6075 1 0 0 0 1 0 0 0 1 2431.dat
1 71 10.327 -23.0639 306.6075 0 0 1 0 1 0 -1 0 0 3023.dat
1 71 10.327 -31.0639 306.6075 0 0 -1 0 1 0 1 0 0 99780.dat
1 71 10.327 -39.0639 306.6075 0 0 1 0 1 0 -1 0 0 3023.dat
1 71 10.327 -47.0639 296.6075 -1 0 0 0 1 0 0 0 -1 3024.dat
1 71 10.327 -47.0639 296.6075 0 0 1 0 1 0 -1 0 0 50746.dat
1 71 10.327 -47.0639 316.6075 0 0 1 0 1 0 -1 0 0 30039.dat
1 71 32.327 -33.0639 296.6075 0 -1 0 0 0 -1 1 0 0 2420.dat
1 71 40.327 -33.0639 296.6075 0 -1 0 0 0 -1 1 0 0 3623.dat
1 71 32.327 -33.2639 276.6075 0 -1 0 0 0 1 -1 0 0 3005.dat
1 71 48.327 -33.0639 266.6075 0 -1 0 0 0 -1 1 0 0 3666.dat
1 71 64.327 -33.0639 266.6075 0 -1 0 0 0 1 -1 0 0 6081.dat
1 40 64.327 -33.0639 266.602 0 -1 0 0 0 -1 1 0 0 3069b.dat
1 71 40.3269 -33.2639 216.6075 0 -1 0 -1 0 0 0 0 -1 3024.dat
1 71 32.3269 -33.2639 216.6076 0 -1 0 0 0 1 -1 0 0 3005.dat
1 0 50.327 -15.0639 326.6075 0 0 -1 0 1 0 1 0 0 99206.dat
1 0 68.327 -9.0639 266.6075 0 -1 0 0 0 -1 1 0 0 4162.dat
1 0 50.327 -15.0639 286.6075 0 0 -1 0 1 0 1 0 0 99206.dat
1 72 50.327 -23.0639 286.6075 0 0 -1 0 1 0 1 0 0 2431.dat
1 0 40.327 -7.0639 156.6075 1 0 0 0 1 0 0 0 1 3023.dat
1 0 40.327 -7.0639 216.6075 1 0 0 0 1 0 0 0 1 3023.dat
1 14 20.327 -15.0639 96.6075 -1 0 0 0 1 0 0 0 -1 2540.dat
1 2 20.327 -15.0639 76.6076 1 0 0 0 1 0 0 0 1 3023.dat
1 14 20.327 -15.0639 276.6075 1 0 0 0 1 0 0 0 1 2540.dat
1 0 20.327 -7.0639 136.6076 -1 0 0 0 1 0 0 0 -1 92593.dat
1 0 20.327 -7.0639 116.6075 -1 0 0 0 1 0 0 0 -1 92593.dat
1 0 68.327 -9.0639 126.6076 0 -1 0 0 0 -1 1 0 0 6636.dat
1 2 50.327 -15.0639 -253.3926 0 0 -1 0 1 0 1 0 0 3023.dat
1 43 50.327 -23.0639 -253.3926 0 0 1 0 1 0 -1 0 0 2431.dat
1 2 50.327 -15.0639 -133.3925 0 0 -1 0 1 0 1 0 0 3023.dat
1 2 50.327 -15.0639 -13.3925 0 0 -1 0 1 0 1 0 0 3023.dat
1 72 -9.673 -23.0639 306.6019 0 0 -1 0 1 0 1 0 0 3069b.dat
1 0 20.327 -7.0639 256.6075 -1 0 0 0 1 0 0 0 -1 92593.dat
1 0 20.327 -7.0639 236.6075 -1 0 0 0 1 0 0 0 -1 92593.dat
1 72 -9.673 -23.0639 -353.3982 0 0 -1 0 1 0 1 0 0 3069b.dat
1 71 -19.6786 -31.0639 -223.3925 1 0 0 0 1 0 0 0 1 3069b.dat
1 19 -49.673 -63.0639 -213.3925 0 0 -1 0 1 0 1 0 0 2877.dat
1 19 -49.673 -63.0639 -293.3925 0 0 -1 0 1 0 1 0 0 2877.dat
1 19 28.327 -51.0639 -263.3925 0 -1 0 1 0 0 0 0 1 2412b.dat
1 19 28.327 -51.0639 -243.3925 0 -1 0 1 0 0 0 0 1 2412b.dat
1 0 32.3269 -33.2639 236.6075 0 -1 0 0 0 1 -1 0 0 4085d.dat
1 71 0.3269 -33.2639 236.6075 0 -1 0 0 0 1 -1 0 0 4085d.dat
1 43 40.327 -23.0639 -23.3925 1 0 0 0 1 0 0 0 1 3023.dat
1 72 0.3326 -23.0639 276.6075 -1 0 0 0 1 0 0 0 -1 3069b.dat
1 0 32.3269 -33.2639 256.6075 0 -1 0 0 0 1 -1 0 0 4085d.dat
1 71 0.327 -33.2639 256.6075 0 -1 0 0 0 1 -1 0 0 4085d.dat
1 72 2.8267 -644.2639 247.1071 0.000021 0 1 0 1 0 -1 0 0.000021 60483.dat
1 71 22.8242 -587.2639 246.1075 0.999986 -0.005196 0 0 0 1 -0.005196 -0.999987 0 59443.dat
1 0 22.8268 -547.2639 247.1075 0 0 1 1 0 0 0 1 0 3705.dat
1 71 22.8269 -507.2639 246.1074 1 0 0 0 0 1 0 -1 0 59443.dat
1 4 22.8269 -407.2639 246.1074 0 0 1 -1 0 0 0 -1 0 3737.dat
1 14 22.3268 -482.2637 246.6075 0 -1 0 0 0 -1 1 0 0 32123a.dat
1 14 22.8269 -332.2637 247.1075 1 0 0 0 0 -1 0 1 0 32123a.dat
1 15 22.827 -297.2639 247.1075 1 0 0 0 0 -1 0 1 0 32034.dat
1 4 22.8269 -187.2639 246.1075 0 0 1 -1 0 0 0 -1 0 3737.dat
1 14 22.8269 -262.2639 247.1075 1 0 0 0 0 -1 0 1 0 32123a.dat
1 71 22.8269 -87.2639 247.1075 1 0 0 0 0 -1 0 1 0 59443.dat
1 0 32.3269 -33.2639 246.6076 0 -1 0 0 0 1 -1 0 0 32064a.dat
1 0 22.3269 -47.2639 246.6075 0 -1 0 1 0 0 0 0 1 3705.dat
1 71 64.327 -33.0639 226.602 0 -1 0 0 0 -1 1 0 0 3069b.dat
1 71 64.327 -33.0639 216.6075 0 -1 0 0 0 1 -1 0 0 6091.dat
1 71 -58.1468 -39.0639 -48.7025 -0.847371 0 0.531002 0 1 0 -0.531002 0 -0.847371 60478.dat
1 71 18.702 -39.0639 -48.8569 0.837502 0 0.546434 0 1 0 -0.546434 0 0.837502 60478.dat
1 71 17.327 -33.264 136.6075 0 -1 0 0 0 1 -1 0 0 4085d.dat
1 71 17.327 -103.264 126.6076 0 -1 0 1 0 0 0 0 1 3034.dat
1 73 25.327 -183.264 126.6076 0 -1 0 0 0 1 -1 0 0 87079.dat
1 73 17.327 -343.2639 106.6076 0 -1 0 1 0 0 0 0 1 4282.dat
1 73 25.327 -503.2639 126.6076 0 -1 0 0 0 1 -1 0 0 87079.dat
1 73 17.327 -343.2639 146.6076 0 -1 0 1 0 0 0 0 1 4282.dat
1 71 1.327 -43.2639 126.6075 0 -1 0 -1 0 0 0 0 -1 3022.dat
1 73 41.327 -183.264 126.5964 0 -1 0 1 0 0 0 0 1 87079.dat
1 73 41.327 -383.2639 126.5964 0 -1 0 -1 0 0 0 0 -1 87079.dat
1 73 1.392 -363.2639 126.6076 0 -1 0 1 0 0 0 0 1 11203.dat
1 73 1.392 -403.2639 126.6076 0 -1 0 1 0 0 0 0 1 11203.dat
1 73 17.327 -123.264 156.6076 0 -1 0 1 0 0 0 0 1 3666.dat
1 73 17.327 -123.264 96.6076 0 -1 0 1 0 0 0 0 1 3666.dat
1 73 49.327 -183.264 126.5908 0 -1 0 -1 0 0 0 0 -1 4162.dat
1 73 49.327 -303.264 126.5908 0 -1 0 1 0 0 0 0 1 2431.dat
1 73 49.327 -83.2585 126.5908 0 -1 0 -1 0 0 0 0 -1 3069b.dat
1 73 -6.673 -283.2639 126.6187 0 -1 0 -1 0 0 0 0 -1 3666.dat
1 73 -6.6732 -163.2639 126.6187 0 -1 0 -1 0 0 0 0 -1 3666.dat
1 73 25.327 -543.2692 156.6076 0 -1 0 1 0 0 0 0 1 3069b.dat
1 73 17.327 -543.2637 146.6076 0 -1 0 0 0 1 -1 0 0 41770.dat
1 73 25.327 -573.2637 126.6076 0 -1 0 0 0 -1 1 0 0 2431.dat
1 73 25.327 -543.2692 96.6076 0 -1 0 1 0 0 0 0 1 3069b.dat
1 73 17.327 -543.2637 106.6076 0 -1 0 0 0 1 -1 0 0 41769.dat
1 71 17.327 -33.264 116.6075 0 -1 0 0 0 1 -1 0 0 4085d.dat
1 71 49.327 -43.2584 126.6019 0 -1 0 -1 0 0 0 0 -1 3069b.dat
1 71 25.327 -33.2639 96.6075 0 -1 0 1 0 0 0 0 1 30039.dat
1 71 17.327 -43.2639 96.6075 0 -1 0 -1 0 0 0 0 -1 3023.dat
1 71 9.327 -33.2639 96.6075 0 -1 0 0 0 1 -1 0 0 3024.dat
1 71 25.327 -33.2639 156.6076 0 -1 0 1 0 0 0 0 1 30039.dat
1 71 17.327 -43.2638 156.6075 0 -1 0 -1 0 0 0 0 -1 3023.dat
1 71 9.327 -33.2638 156.6076 0 -1 0 0 0 1 -1 0 0 3024.dat
1 73 -6.6732 -83.2641 126.6075 0 -1 0 -1 0 0 0 0 -1 3023.dat
1 71 1.327 -33.264 116.6075 0 -1 0 0 0 1 -1 0 0 4085d.dat
1 71 1.327 -33.264 136.6075 0 -1 0 0 0 1 -1 0 0 4085d.dat
1 19 -19.673 -87.3477 32.5207 1 0 0 0 0.901195 -0.433413 0 0.433413 0.901195 3062b.dat
1 19 -19.673 -108.9765 22.1188 1 0 0 0 0.901195 -0.433413 0 0.433413 0.901195 3062b.dat
1 19 -19.673 -116.1861 18.6514 1 0 0 0 0.901195 -0.433413 0 0.433413 0.901195 4073.dat
1 19 -19.673 -123.3957 15.1842 -1 0 0 0 0.901195 0.433413 0 0.433413 -0.901195 98138.dat
1 19 -9.6786 -111.0639 -123.398 -1 0 0 0 1 0 0 0 -1 98138.dat
1 19 10.3214 -111.0639 -123.398 -1 0 0 0 1 0 0 0 -1 98138.dat
1 19 -9.6786 -111.0639 -163.3981 -1 0 0 0 1 0 0 0 -1 98138.dat
1 19 10.3214 -111.0639 -163.3981 -1 0 0 0 1 0 0 0 -1 98138.dat
1 19 -60.0737 -85.4187 -49.91 -0.531002 -0.422749 -0.734385 0 0.866663 -0.498894 0.847371 -0.264914 -0.4602 3062b.dat
1 19 -49.9277 -106.2186 -43.552 -0.531002 -0.422749 -0.734385 0 0.866663 -0.498894 0.847371 -0.264914 -0.4602 3062b.dat
1 19 -46.5457 -113.1519 -41.4327 -0.531002 -0.422749 -0.734385 0 0.866663 -0.498894 0.847371 -0.264914 -0.4602 4073.dat
1 19 -43.1637 -120.0852 -39.3134 0.531002 -0.422749 0.734385 0 0.866663 0.498894 -0.847371 -0.264914 0.460199 98138.dat
1 19 -29.673 -47.0639 -3.3925 -1 0 0 0 1 0 0 0 -1 85861.dat
1 19 -29.673 -71.0639 -3.3925 1 0 0 0 1 0 0 0 1 3062b.dat
1 19 -29.673 -95.0639 -3.3925 1 0 0 0 1 0 0 0 1 3062b.dat
1 19 -29.673 -103.0639 -3.3925 -1 0 0 0 1 0 0 0 -1 85861.dat
1 19 -9.673 -47.0639 -3.3925 -1 0 0 0 1 0 0 0 -1 85861.dat
1 19 -9.673 -71.0639 -3.3925 1 0 0 0 1 0 0 0 1 3062b.dat
1 19 -9.673 -95.0639 -3.3925 1 0 0 0 1 0 0 0 1 3062b.dat
1 19 -9.673 -103.0639 -3.3925 -1 0 0 0 1 0 0 0 -1 85861.dat
1 71 -19.673 -119.0639 -13.3925 -1 0 0 0 -1 0 0 0 1 43898.dat
1 26 -19.673 -127.0639 -13.3925 -1 0 0 0 -1 0 0 0 1 43898.dat
1 0 -19.673 -135.0639 -13.3925 1 0 0 0 -1 0 0 0 -1 85861.dat
1 71 -19.673 -147.7679 -13.3924 0 1 0 1 0 0 0 0 -1 4697.dat
1 26 -19.673 -162.472 -13.3924 1 0 0 0 1 0 0 0 1 43898.dat
1 71 -19.673 -170.472 -13.3924 1 0 0 0 1 0 0 0 1 43898.dat
1 19 -19.673 -186.4719 -23.3924 -1 0 0 0 -1 0 0 0 1 3023.dat
1 19 -19.673 -194.4719 -23.3924 -1 0 0 0 -1 0 0 0 1 3062b.dat
1 19 -19.673 -218.472 -23.3924 -1 0 0 0 -1 0 0 0 1 3062b.dat
1 19 -19.673 -178.4719 -13.3924 -1 0 0 0 -1 0 0 0 1 3022.dat
1 15 -19.673 -276.0469 -23.3923 -1 0 0 0 1 0 0 0 -1 30374.dat
1 19 -19.673 -291.6219 -23.3924 1 0 0 0 1 0 0 0 1 3062b.dat
1 19 -19.673 -267.6219 -23.3924 1 0 0 0 1 0 0 0 1 3062b.dat
1 19 -19.673 -299.6219 -23.3924 -1 0 0 0 1 0 0 0 -1 3023.dat
1 19 -19.673 -307.6219 -13.3924 1 0 0 0 1 0 0 0 1 3022.dat
1 71 -19.673 -315.6219 -13.3924 -1 0 0 0 -1 0 0 0 1 43898.dat
1 26 -19.673 -357.1219 -13.3924 -1 0 0 0 1 0 0 0 -1 43898.dat
1 15 -19.673 -445.1219 -13.3924 0 0 1 0 -1 0 1 0 0 30374.dat
1 19 -19.673 -421.1219 -13.3924 -1 0 0 0 1 0 0 0 -1 64644.dat
1 71 -19.673 -421.1219 -13.3924 1 0 0 0 1 0 0 0 1 3626b.dat
1 19 -19.673 -397.1219 -13.3924 1 0 0 0 1 0 0 0 1 3062b.dat
1 26 -19.673 -365.1219 -13.3924 -1 0 0 0 1 0 0 0 -1 43898.dat
1 71 -19.673 -373.1219 -13.3924 1 0 0 0 1 0 0 0 1 4740.dat
1 26 -19.673 -323.6219 -13.3924 -1 0 0 0 -1 0 0 0 1 43898.dat
1 19 -9.673 -299.6219 -3.3924 -1 0 0 0 1 0 0 0 -1 85861.dat
1 19 -9.673 -291.6219 -3.3924 1 0 0 0 1 0 0 0 1 3062b.dat
1 19 -9.673 -267.6219 -3.3924 1 0 0 0 1 0 0 0 1 3062b.dat
1 71 -9.673 -289.8719 -3.3924 0 0 -1 0 1 0 1 0 0 30374.dat
1 19 -9.673 -218.297 -3.3924 -1 0 0 0 -1 0 0 0 1 3062b.dat
1 19 -9.673 -194.297 -3.3924 -1 0 0 0 -1 0 0 0 1 3062b.dat
1 19 -9.673 -186.4719 -3.3924 1 0 0 0 -1 0 0 0 -1 85861.dat
1 19 -29.673 -299.6219 -3.3924 -1 0 0 0 1 0 0 0 -1 85861.dat
1 19 -29.673 -291.6219 -3.3924 1 0 0 0 1 0 0 0 1 3062b.dat
1 19 -29.673 -267.6219 -3.3924 1 0 0 0 1 0 0 0 1 3062b.dat
1 71 -29.673 -289.8719 -3.3924 0 0 -1 0 1 0 1 0 0 30374.dat
1 19 -29.673 -218.2969 -3.3924 -1 0 0 0 -1 0 0 0 1 3062b.dat
1 19 -29.673 -194.2969 -3.3924 -1 0 0 0 -1 0 0 0 1 3062b.dat
1 19 -29.673 -186.4719 -3.3924 1 0 0 0 -1 0 0 0 -1 85861.dat
1 19 21.0876 -85.7449 -50.4133 0.546434 0.409167 -0.730748 0 0.872532 0.488557 0.837502 -0.266964 0.476781 3062b.dat
1 19 11.2675 -106.6855 -44.0062 0.546434 0.409167 -0.730748 0 0.872532 0.488557 0.837502 -0.266964 0.476781 3062b.dat
1 19 7.9942 -113.6659 -41.8705 0.546434 0.409167 -0.730748 0 0.872532 0.488557 0.837502 -0.266964 0.476781 4073.dat
1 19 4.7208 -120.6461 -39.7347 -0.546434 0.409167 0.730748 0 0.872532 -0.488557 -0.837502 -0.266964 -0.476781 98138.dat
1 71 -56.945 -144.3138 -156.1203 0 -0.707107 -0.707107 -1 0 0 0 0.707107 -0.707107 4510.dat
1 15 -51.288 -84.3138 -161.7772 0 -0.707107 -0.707107 -1 0 0 0 0.707107 -0.707107 2412b.dat
1 15 -51.288 -124.3138 -161.7772 0 -0.707107 -0.707107 -1 0 0 0 0.707107 -0.707107 2412b.dat
1 15 -51.288 -164.3138 -161.7772 0 -0.707107 -0.707107 -1 0 0 0 0.707107 -0.707107 2412b.dat
1 15 -51.288 -204.3138 -161.7772 0 -0.707107 -0.707107 -1 0 0 0 0.707107 -0.707107 2412b.dat
1 15 -69.6729 -104.3138 -143.3924 -0.707107 0 0.707107 0 -1 0 0.707107 0 0.707107 4733.dat
1 71 -69.6729 -96.3139 -143.3924 -0.707107 0 -0.707107 0 -1 0 -0.707107 0 0.707107 3024.dat
1 0 -69.673 -88.3139 -143.3925 -0.707107 0 -0.707107 0 -1 0 -0.707107 0 0.707107 3024.dat
1 19 -69.3548 -64.3139 -143.0743 0.707107 0 0.707107 0 -1 0 0.707107 0 -0.707107 47905.dat
1 71 -82.4007 -144.3138 -130.6645 0 0.707107 0.707107 -1 0 0 0 -0.707107 0.707107 4510.dat
1 15 -69.6727 -184.3139 -143.3924 0.707107 0 0.707107 0 1 0 -0.707107 0 0.707107 4733.dat
1 71 -82.4007 -104.3139 -156.1203 0 0.707107 -0.707107 -1 0 0 0 0.707107 0.707107 4510.dat
1 15 -69.6729 -24.3139 -143.3925 -0.707107 0 0.707107 0 -1 0 0.707107 0 0.707107 4733.dat
1 0 -69.6729 -48.3139 -143.3925 0.707107 0 -0.707107 0 -1 0 -0.707107 0 -0.707107 85861.dat
1 71 -56.9449 -104.3139 -130.6645 0 -0.707107 0.707107 -1 0 0 0 -0.707107 -0.707107 4510.dat
1 15 -51.288 -44.3139 -125.0077 0 -0.707107 0.707107 -1 0 0 0 -0.707107 -0.707107 2412b.dat
1 15 -51.2879 -84.3139 -125.0077 0 -0.707107 0.707107 -1 0 0 0 -0.707107 -0.707107 2412b.dat
1 15 -51.2879 -124.3139 -125.0077 0 -0.707107 0.707107 -1 0 0 0 -0.707107 -0.707107 2412b.dat
1 15 -51.288 -164.3139 -125.0077 0 -0.707107 0.707107 -1 0 0 0 -0.707107 -0.707107 2412b.dat
1 71 -56.945 -44.3139 -156.1205 0 -0.707107 -0.707107 -1 0 0 0 0.707107 -0.707107 32028.dat
1 15 -51.2882 -44.3139 -161.7773 0 -0.707107 -0.707107 -1 0 0 0 0.707107 -0.707107 2412b.dat
1 71 -82.4007 -44.3139 -130.6645 0 0.707107 0.707107 -1 0 0 0 -0.707107 0.707107 32028.dat
1 15 -88.0576 -44.3139 -125.0077 0 0.707107 0.707107 -1 0 0 0 -0.707107 0.707107 2412b.dat
1 15 -88.0575 -164.3138 -161.7771 0 0.707107 -0.707107 -1 0 0 0 0.707107 0.707107 2412b.dat
1 15 -88.0575 -124.3138 -161.7772 0 0.707107 -0.707107 -1 0 0 0 0.707107 0.707107 2412b.dat
1 15 -88.0575 -84.3139 -161.7772 0 0.707107 -0.707107 -1 0 0 0 0.707107 0.707107 2412b.dat
1 15 -88.0575 -44.3138 -161.7772 0 0.707107 -0.707107 -1 0 0 0 0.707107 0.707107 2412b.dat
1 71 -69.6727 -192.3139 -143.3924 -0.707107 0 0.707107 0 1 0 -0.707107 0 -0.707107 3024.dat
1 0 -69.6727 -200.3139 -143.3924 -0.707107 0 0.707107 0 1 0 -0.707107 0 -0.707107 3024.dat
1 15 -88.0575 -84.3138 -125.0077 0 0.707107 0.707107 -1 0 0 0 -0.707107 0.707107 2412b.dat
1 15 -88.0575 -124.3138 -125.0077 0 0.707107 0.707107 -1 0 0 0 -0.707107 0.707107 2412b.dat
1 15 -88.0575 -164.3138 -125.0077 0 0.707107 0.707107 -1 0 0 0 -0.707107 0.707107 2412b.dat
1 15 -88.0575 -204.3138 -125.0077 0 0.707107 0.707107 -1 0 0 0 -0.707107 0.707107 2412b.dat
1 0 -69.6729 -56.3139 -143.3925 0.707107 0 -0.707107 0 -1 0 -0.707107 0 -0.707107 85861.dat
1 15 -69.6727 -224.3138 -143.3924 0.707107 0 0.707107 0 1 0 -0.707107 0 0.707107 4733.dat
1 71 -82.4007 -204.3138 -156.1203 0 0.707107 -0.707107 -1 0 0 0 0.707107 0.707107 32028.dat
1 15 -88.0575 -204.3139 -161.7772 0 0.707107 -0.707107 -1 0 0 0 0.707107 0.707107 2412b.dat
1 71 -56.9449 -204.3138 -130.6645 0 -0.707107 0.707107 -1 0 0 0 -0.707107 -0.707107 32028.dat
1 15 -51.288 -204.3138 -125.0076 0 -0.707107 0.707107 -1 0 0 0 -0.707107 -0.707107 2412b.dat
1 15 -69.673 -205.5638 -143.3924 0.707107 0 0.707107 0 -1 0 0.707107 0 -0.707107 30374.dat
1 15 -69.673 -234.0065 -143.3924 -0.707107 0 0.707107 0 -1 0 0.707107 0 0.707107 4740.dat
1 71 -69.3195 -251.5638 -143.746 0.707107 0 -0.707107 0 1 0 0.707107 0 0.707107 2723.dat
1 71 -69.673 -267.1212 -143.3924 0.707107 0 -0.707107 0 1 0 0.707107 0 0.707107 4740.dat
1 0 2.3267 -635.2639 246.6071 0 -1 0 -1 0 0 0 0 -1 2780.dat
1 15 22.8268 -137.2642 248.6075 0 0 -1 -1 0 0 0 1 0 62462.dat
1 71 3.3263 -645.2639 266.6074 0 1 0 1 0 0 0 0 -1 4519.dat
1 72 2.8263 -665.2639 266.6073 1 0 0 0 1 0 0 0 1 41669.dat
1 4 2.8272 -635.2639 227.1073 0 -0.000021 -1 -1 0 0 0 1 -0.000021 32062.dat
1 72 2.8272 -630.2639 226.1072 -0.000021 0 1 0 -1 0 1 0 0.000021 32249.dat
1 72 2.8272 -620.2639 226.1071 -0.000021 0 1 0 -1 0 1 0 0.000021 32249.dat
1 72 2.8272 -645.2639 226.6073 -0.000021 0 -1 0 1 0 1 0 -0.000021 41669.dat
1 15 22.8268 -547.2639 244.6075 0 0 1 -1 0 0 0 -1 0 62462.dat
1 15 22.8268 -457.2637 244.6076 0 0 1 -1 0 0 0 -1 0 62462.dat
1 15 22.8268 -417.2639 244.6076 0 0 1 -1 0 0 0 -1 0 62462.dat
1 15 22.8268 -377.2637 244.6076 0 0 1 -1 0 0 0 -1 0 62462.dat
1 15 22.8268 -217.2642 248.6075 0 0 -1 -1 0 0 0 1 0 62462.dat
1 15 22.8268 -177.2642 248.6075 0 0 -1 -1 0 0 0 1 0 62462.dat
1 71 8.2428 -55.264 260.3077 -0.707106 0.707107 0 0 0 1 0.707107 0.707106 0 6536.dat
1 71 8.2427 -55.264 232.9073 0.707107 0.707106 0 0 0 1 0.707106 -0.707107 0 6536.dat
1 1 23.19 -65.2648 274.5382 0 0.706984 0.707229 -1 0 0 0 -0.707229 0.706985 43093.dat
1 72 51.4695 -80.265 246.2491 -0.706985 0 -0.707229 0 1 0 0.707229 0 -0.706985 32249.dat
1 72 51.4695 -70.265 246.249 -0.706985 0 -0.707229 0 1 0 0.707229 0 -0.706985 32249.dat
1 1 23.1802 -65.265 217.9696 0 0.706984 0.707229 -1 0 0 0 -0.707229 0.706985 43093.dat
1 19 36.4412 -75.265 232.9934 0 -0.706985 0.707228 1 0 0 0 0.707228 0.706985 32002.dat
1 19 36.446 -75.2648 261.2778 0 -0.706985 0.707228 1 0 0 0 0.707228 0.706985 32002.dat
1 72 51.4695 -90.265 246.2491 -0.706985 0 -0.707229 0 1 0 0.707229 0 -0.706985 32249.dat
1 72 42.8269 -280.264 226.1074 0 0 -1 0 1 0 1 0 0 32249.dat
1 72 51.2909 -110.264 243.4379 -0.6341 0 -0.773251 0 1 0 0.773251 0 -0.6341 32249.dat
1 72 48.693 -180.264 234.3116 -0.346649 0 -0.937995 0 1 0 0.937995 0 -0.346649 32249.dat
1 72 51.0764 -120.264 241.8947 -0.591114 0 -0.806588 0 1 0 0.806588 0 -0.591114 32249.dat
1 72 42.827 -330.264 226.1076 0 0 -1 0 1 0 1 0 0 32249.dat
1 72 45.7385 -220.264 229.4231 -0.153613 0 -0.988131 0 1 0 0.988131 0 -0.153613 32249.dat
1 72 50.2622 -150.264 238.3883 -0.485267 0 -0.874366 0 1 0 0.874366 0 -0.485267 32249.dat
1 72 46.5202 -210.264 230.5179 -0.199843 0 -0.979828 0 1 0 0.979828 0 -0.199843 32249.dat
1 72 39.9649 -350.264 223.661 0.131181 0 -0.991359 0 1 0 0.991359 0 0.131181 32249.dat
1 71 50.9398 -130.264 241.1378 -0.569243 0 -0.822169 0 1 0 0.822169 0 -0.569243 32249.dat
1 72 51.3865 -100.264 244.4632 -0.661488 0 -0.749956 0 1 0 0.749956 0 -0.661488 32249.dat
1 71 2.8272 -610.2639 226.1072 -0.000021 0 1 0 -1 0 1 0 0.000021 32249.dat
1 72 2.4317 -600.2639 226.5005 0.999986 0 -0.005248 0 1 0 0.005248 0 0.999986 32249.dat
1 72 2.6063 -590.2639 226.3248 0.999903 0 -0.013896 0 1 0 0.013896 0 0.999903 32249.dat
1 72 3.3577 -580.2639 225.6027 0.998737 0 -0.050251 0 1 0 0.050251 0 0.998737 32249.dat
1 72 5.0243 -570.2639 224.1726 0.99195 0 -0.126631 0 1 0 0.126631 0 0.99195 32249.dat
1 72 6.4611 -560.2639 223.1039 0.982097 0 -0.188375 0 1 0 0.188375 0 0.982097 32249.dat
1 72 8.2759 -550.2639 221.9393 0.965142 0 -0.261728 0 1 0 0.261728 0 0.965142 32249.dat
1 72 10.3279 -540.2639 220.8388 0.94069 0 -0.339266 0 1 0 0.339266 0 0.94069 32249.dat
1 72 11.8468 -530.2639 220.1559 0.919381 0 -0.393369 0 1 0 0.393369 0 0.919381 32249.dat
1 72 13.1269 -520.2639 219.6601 0.899475 0 -0.436971 0 1 0 0.436971 0 0.899475 32249.dat
1 71 14.7296 -510.2639 219.1359 0.872199 0 -0.489151 0 1 0 0.489151 0 0.872199 32249.dat
1 72 16.3534 -500.2639 218.7086 0.842037 0 -0.53942 0 1 0 0.53942 0 0.842037 32249.dat
1 72 17.749 -490.2639 218.4212 0.814167 0 -0.580631 0 1 0 0.580631 0 0.814167 32249.dat
1 72 30.9527 -410.2639 219.1444 0.466543 0 -0.884498 0 1 0 0.884498 0 0.466543 32249.dat
1 72 19.5363 -480.2639 218.1572 0.775939 0 -0.630808 0 1 0 0.630808 0 0.775939 32249.dat
1 72 20.5979 -470.2639 218.0543 0.75191 0 -0.659266 0 1 0 0.659266 0 0.75191 32249.dat
1 72 22.2578 -460.2639 217.9731 0.712408 0 -0.701766 0 1 0 0.701766 0 0.712408 32249.dat
1 71 29.2696 -420.2639 218.7016 0.519402 0 -0.85453 0 1 0 0.85453 0 0.519402 32249.dat
1 72 23.7481 -450.2639 217.9823 0.674938 0 -0.737875 0 1 0 0.737875 0 0.674938 32249.dat
1 72 25.2926 -440.264 218.0738 0.634106 0 -0.773246 0 1 0 0.773246 0 0.634106 32249.dat
1 72 27.2388 -430.2639 218.3093 0.579724 0 -0.814813 0 1 0 0.814813 0 0.579724 32249.dat
1 72 32.4473 -400.264 219.6317 0.417306 0 -0.908766 0 1 0 0.908766 0 0.417306 32249.dat
1 72 33.9346 -390.2639 220.2092 0.366055 0 -0.930593 0 1 0 0.930593 0 0.366055 32249.dat
1 72 36.0699 -380.2639 221.2131 0.288212 0 -0.957566 0 1 0 0.957566 0 0.288212 32249.dat
1 72 37.3031 -370.264 221.8954 0.240756 0 -0.970586 0 1 0 0.970586 0 0.240756 32249.dat
1 8 20.327 -23.0639 186.6076 1 0 0 0 1 0 0 0 1 3068b.dat
1 18 -19.673 -445.1219 -13.3924 1 0 0 0 1 0 0 0 1 3062b.dat
1 8 29.3209 -66.3459 -55.7851 0.725298 0.418751 0.546434 -0.5 0.866026 0 -0.473226 -0.273217 0.837502 3062b.dat
1 8 -19.673 -66.2023 39.3255 0 0 -1 -0.5 0.866025 0 0.866025 0.5 0 3062b.dat
1 18 0.3214 -47.0639 -123.3981 1 0 0 0 1 0 0 0 1 15573.dat
1 19 0.327 -131.6219 -143.3924 1 0 0 0 1 0 0 0 1 3062b.dat
1 19 0.327 -155.6219 -143.3924 1 0 0 0 1 0 0 0 1 3062b.dat
1 19 -19.673 -103.0639 -23.3924 1 0 0 0 1 0 0 0 1 3023.dat
1 18 0.3214 -111.0639 -143.3981 1 0 0 0 1 0 0 0 1 15573.dat
1 18 0.3214 -47.0639 -143.3981 1 0 0 0 1 0 0 0 1 15573.dat
1 18 0.3214 -47.0639 -163.3981 1 0 0 0 1 0 0 0 1 15573.dat
1 8 -65.0307 -63.7563 -53.039 -0.54388 -0.375643 -0.750391 0.038452 0.882119 -0.469455 0.838282 -0.284182 -0.465322 3062b.dat
